J_dv = 7 * 10^-6
C_m = 1.3
C_w = 3.15
L_a = 0.0015
L_ov = 0.013
R_a = 8
U_c = 5